LISTE
D 21 22 4 9
D 17 82 3 9
U 9 23 10
LISTE
D 13 27 2 4
Y 13 17 8
Y 4 38 6
LISTE
D 7 87 4 6
Y 23 89 9
LISTE
U 6 91 3
D 6 78 3 8
U 13 89 3
Y 0 24 4
Y 17 81 8
U 1 1 7
LISTE
D 3 17 10 6
Y 8 41 9
Y 9 77 10
D 13 5 3 7
U 9 71 7
U 3 76 3
D 0 87 2 8
Y 14 33 6
LISTE
U 15 42 3
Y 13 87 10
Y 7 56 7
U 7 23 4
U 20 77 7
D 16 4 3 6
Y 17 48 6
Y 13 40 4
LISTE
D 11 17 4 10
U 10 51 5
U 7 61 6
D 24 8 2 7
U 17 57 10
D 11 6 9 9
Y 20 43 3
LISTE
U 7 71 3
D 17 42 2 9
Y 20 0 4
D 24 42 2 9
D 6 52 4 2
D 19 60 8 9
U 1 2 8
D 22 84 8 2
LISTE
U 19 74 3
U 22 38 5
U 22 63 10
U 4 95 7
Y 24 31 6
D 22 80 2 4
LISTE
D 19 86 10 5
D 5 71 7 2
U 16 79 6
Y 0 0 8
D 22 66 3 10
D 6 91 7 8
Y 19 50 8
LISTE
Y 17 0 5
Y 21 40 5
U 1 41 8
LISTE
U 11 37 7
Y 1 94 5
D 15 17 10 4
LISTE
Y 10 56 8
U 2 13 7
U 23 4 4
LISTE
D 16 46 10 5
U 15 73 6
U 9 90 8
U 11 31 9
D 19 49 3 7
U 6 76 4
U 11 58 3
Y 8 23 7
LISTE
U 12 35 10
Y 0 83 10
Y 1 5 4
LISTE
U 7 51 5
Y 15 51 3
Y 13 16 7
Y 22 29 10
D 18 39 2 6
Y 11 64 3
Y 20 3 5
LISTE
Y 14 39 3
D 10 20 9 2
Y 21 11 5
LISTE
D 2 28 5 6
D 6 55 3 8
U 16 95 6
Y 0 24 7
D 20 46 10 7
Y 19 6 3
D 7 78 4 7
D 0 67 8 5
LISTE
U 12 63 9
Y 5 63 4
Y 4 39 9
Y 21 47 7
LISTE
D 22 0 10 5
Y 21 45 4
D 3 0 4 5
U 19 92 8
